[-0.000620109221237515, -0.00023439818896114212, -0.00028935106105873297, 0.0008979279498292885]
942
[0.005058294150270378, -0.01006786064109, 0.002251737297444401, -0.00033295512116803243]
933
[-0.004387548480669166, -0.004002932376746485, 0.018921030087120642, 0.010336537805262117]
936
[-0.033350735810065424, 0.0427338632975821, 0.01928860803256086, -0.07587690156287]
936
[-0.223072604206667, 0.04116992516835654, 0.05361323856869782, -0.060901827736390336]
936
[0.11668440432941352, 0.09173629621718023, -0.235627682020747, 0.018733739546957576]
946
[0.13795238169590368, -0.0712657579769697, 0.05853043117173827, 0.09600171998655326]
950
