[0.0007926391613695561, 0.8411088241449558, -0.6742406197011083, -0.5050578207538553]
[0.0018404753102407977, 0.9142576880370951, -0.7312080402981377, -0.5507056235322572]
[0.0006001259038472938, 0.7851309060262625, -0.6298933230359322, -0.47109242350202174]
[0.00039236029233589813, 0.7229127052279981, -0.5788748779838957, -0.4339790796250259]
[0.000820868048871084, 1.2494203982523275, -1.0025790510470791, -0.7495626619537324]
[0.0011272536857088577, 0.8776935866293406, -0.7039349705800744, -0.5271642311629184]
[0.003075072839146443, 1.1618075921394158, -0.9330693883505993, -0.6991236587807579]
[0.002507555590364201, 0.9397049731414266, -0.7531023636477733, -0.5663644038583232]
[-0.0002522817592157042, 0.27778817912797416, -0.22212440489901134, -0.1664509919228786]

